   1.0000000e+00   2.7313433e-01   1.8045882e+00   3.8943811e+00   3.7246879e+00   3.5567632e+00   3.3176951e+00   2.7013166e+00   2.4201712e+00   3.2455422e+00   2.3779964e+00
   2.0000000e+00   2.5076518e+00   2.9866531e+00   3.0782103e+00   2.4702880e+00   2.3915204e+00   2.3329066e+00   3.8733045e+00   2.7828084e+00   2.5822752e+00   3.4592741e+00
   2.0000000e+00   4.1178597e+00   1.1912829e+00   4.4508188e+00   1.9280766e+00   3.2278554e+00   3.0862693e+00   3.5012644e+00   3.2401007e+00   1.3026044e+00   2.8499516e+00
   2.0000000e+00   4.0497533e+00   2.5215307e+00   2.8803442e+00   2.8118494e+00   3.0075719e+00   1.8147508e+00   3.4465593e+00   4.0212226e+00   2.3852183e+00   3.4345945e+00
   2.0000000e+00   4.9844143e+00   2.4864321e+00   3.6259097e+00   2.8956739e+00   1.8433712e+00   3.6871870e+00   2.8442347e+00   2.9097521e+00   2.7049157e+00   2.1640391e+00
   2.0000000e+00   2.2581276e+00   2.3142955e+00   2.0536293e+00   1.6383030e+00   2.0830929e+00   3.9765060e+00   3.5004900e+00   3.8392701e+00   2.8989716e+00   3.7982699e+00
   2.0000000e+00   4.3397665e+00   2.0584757e+00   3.2811940e+00   3.0249537e+00   2.5662814e+00   2.9708076e+00   2.2923752e+00   2.7026473e+00   2.3767218e+00   5.9277252e-01
   2.0000000e+00   3.1705823e+00   3.8433147e+00   3.2343432e+00   1.9101050e+00   4.0682805e+00   2.4709288e+00   2.8740598e+00   4.1550213e+00   3.6754007e+00   2.3075743e+00
   2.0000000e+00   3.7069686e+00   1.3074223e+00   2.5431930e+00   2.1645375e+00   3.7250057e+00   4.9874819e+00   7.2102708e-01   2.5547440e+00   3.1605316e+00   5.1642675e+00
   2.0000000e+00   3.3167178e+00   3.7256787e+00   2.6404183e+00   3.9028905e+00   4.3243114e+00   1.2720114e+00   3.3179487e+00   1.8906262e+00   1.7319074e+00   4.6554467e+00
   2.0000000e+00   3.4320675e+00   2.7025075e+00   3.6613019e+00   2.4647732e+00   3.8805326e+00   4.4370308e+00   9.9407696e-01   4.1407570e+00   1.6433609e+00   3.0689599e+00
   2.0000000e+00   3.2268974e+00   2.7285025e+00   3.9055678e+00   2.3014536e+00   3.3361219e+00   3.8888400e+00   2.2466193e+00   3.9330666e+00   3.8355920e+00   1.9909767e+00
   2.0000000e+00   2.5601116e+00   3.6310417e+00   1.8295484e+00   4.4999838e+00   3.0317115e+00   4.1268836e+00   4.3096114e+00   2.4793518e+00   3.6363666e+00   2.4169247e+00
   2.0000000e+00   6.2221793e-01   3.4917818e+00   2.4608312e+00   4.0276789e+00   3.2058544e+00   4.3095244e+00   4.6713798e+00   2.4102875e+00   2.2019124e+00   2.3161788e+00
   2.0000000e+00   1.7609136e+00   6.1224403e+00   4.3764591e+00   3.4348612e+00   4.3071147e+00   4.8855190e-01   4.5630925e+00   4.3813775e+00   2.0018246e+00   3.5609171e+00
   1.0000000e+00   1.4540516e+00   1.6011979e+00   3.6057509e+00   3.3118658e+00   3.2685988e+00   3.4704279e+00   1.9091676e+00   2.6956666e+00   2.7445544e+00   4.6451574e+00
   2.0000000e+00   2.5210584e+00   3.7886623e+00   5.0283693e+00   2.0924313e+00   4.0240752e+00   3.0387624e+00   2.2365223e+00   3.1954252e+00   2.8739258e+00   2.8644870e+00
   2.0000000e+00   5.3613107e-01   4.0953744e+00   2.6477727e+00   2.3186625e+00   2.9662322e+00   3.0382732e+00   2.8619813e+00   4.1588249e+00   3.0639740e+00   2.9470577e+00
   1.0000000e+00   3.3491431e+00   3.6840426e+00   2.8234395e+00   3.7852886e+00   9.0920775e-01   2.2753731e+00   3.0420698e+00   3.0329758e+00   4.5007614e+00   2.8409747e+00
   1.0000000e+00   3.9713002e+00   3.2065446e+00   2.7957719e+00   3.0602282e+00   2.6839407e+00   1.3776742e+00   2.9025105e+00   2.0448364e+00   4.4298370e+00   4.2491739e+00
   2.0000000e+00   1.5085906e+00   3.6231538e+00   2.8409770e+00   2.4588783e+00   3.1329361e+00   2.0335553e+00   3.7764898e+00   2.7268944e+00   2.2710758e+00   2.7203967e+00
   2.0000000e+00   2.8797780e+00   2.1815919e-01   4.1525175e+00   5.0707242e+00   2.3349712e+00   3.3724569e+00   3.0113813e+00   4.1577799e+00   3.7707057e+00   3.3155662e+00
   2.0000000e+00   2.4901235e+00   3.7912002e+00   4.0359512e+00   2.4103911e+00   2.9532486e+00   3.0596752e+00   4.0366631e+00   2.2962148e+00   3.9038386e+00   1.9968399e+00
   2.0000000e+00   2.5255591e+00   3.3752137e+00   7.0904203e+00   2.3318377e+00   1.4957558e+00   3.5891695e+00   3.3752069e+00   4.1411641e+00   3.8726247e+00   3.7360676e+00
   2.0000000e+00   3.8008783e+00   3.9380649e+00   4.3457453e+00   2.5053317e+00   2.3266731e+00   3.7817589e+00   3.2712023e+00   2.8418718e+00   3.6304573e+00   1.7553331e+00
   2.0000000e+00   2.7746654e+00   2.6662851e+00   8.8145756e-01   6.1394695e-01   2.1995917e+00   1.8889486e+00   2.5283271e+00   2.0315304e+00   3.4546102e+00   3.4570565e+00
   2.0000000e+00   2.4274315e+00   3.0638039e+00   2.3358645e+00   3.5231983e+00   2.7717950e+00   2.9850318e+00   3.4558656e+00   2.1073014e+00   2.6584982e+00   2.0627382e+00
   2.0000000e+00   1.8988063e+00   2.9195634e+00   3.2703971e+00   4.0573061e+00   3.4601412e+00   3.5048143e+00   3.8947573e+00   3.9094580e+00   2.3505733e+00   6.1216772e+00
   1.0000000e+00   3.1049337e+00   1.5271734e+00   2.2920429e+00   3.5369577e+00   3.5664354e+00   2.1739531e+00   4.3604688e+00   3.3323412e+00   3.2807443e+00   3.2496559e+00
   2.0000000e+00   3.2929923e+00   4.6244372e+00   2.6727009e+00   1.7983159e+00   4.0466590e+00   4.4610651e+00   3.5713236e+00   3.2707554e+00   3.6357858e+00   2.1881300e+00
   2.0000000e+00   3.1062921e+00   9.5017460e-01   2.9095462e+00   1.7558146e+00   4.0085411e+00   3.8784412e+00   1.4418020e+00   1.5176688e+00   3.6602162e+00   2.7994536e+00
   2.0000000e+00   3.3532018e+00   3.0433648e+00   2.5545387e+00   3.8719887e+00   2.5643737e+00   2.6213995e+00   4.8503823e+00   4.1943985e+00   1.5083506e+00   4.2755168e+00
   2.0000000e+00   3.7323041e+00   2.2509849e+00   1.1883762e+00   2.3614548e+00   4.5347461e+00   3.0921517e+00   2.4442897e+00   2.8688415e+00   2.5512459e+00   3.0156942e+00
   2.0000000e+00   4.0279890e+00   3.7411353e+00   3.0238645e+00   4.1542168e+00   3.0933462e+00   3.6208387e+00   3.7050400e+00   3.4160505e+00   3.4652837e+00   1.4380402e+00
   2.0000000e+00   2.4107261e+00   3.0743430e+00   2.0165408e+00   1.8658376e+00   2.0116507e+00   2.3455239e+00   1.5938876e-01   4.3424734e+00   2.9952721e+00   3.8051272e+00
   2.0000000e+00   3.0878429e+00   8.2813631e-01   3.3007671e+00   3.5366818e+00   2.0569764e+00   1.1139816e+00   5.4634740e+00   1.8361394e+00   2.6370599e+00   2.8013877e+00
   2.0000000e+00   3.4569415e+00   4.3769233e+00   4.8987156e-01   2.0365172e+00   2.0439814e+00   3.4295132e+00   1.8336605e+00   3.4285599e+00   2.7675087e+00   2.0585763e+00
   2.0000000e+00   3.0531857e+00   2.2459638e+00   3.1437551e+00   2.4655472e+00   1.7135401e+00   3.0706024e+00   2.2962274e+00   1.6706866e+00   2.1085629e+00   4.4032347e+00
   2.0000000e+00   3.3430999e+00   1.5564018e+00   2.8258101e+00   2.3224597e+00   4.2958926e+00   1.7895033e+00   2.6623299e+00   1.0770805e+00   4.0710673e+00   3.1968171e+00
   2.0000000e+00   1.9774553e+00   2.2272721e+00   3.3640123e+00   4.2523491e+00   2.7372005e+00   4.3644896e+00   3.3060760e+00   4.2900195e+00   2.7502250e+00   1.9338108e+00
   1.0000000e+00   3.6241510e+00   3.6041079e+00   2.4670792e+00   3.8007074e+00   4.0125045e+00   3.5241575e+00   1.9409370e+00   3.0765646e+00   1.9065951e+00   4.6529156e+00
   1.0000000e+00   2.5158432e+00   2.6471766e+00   1.9075145e+00   3.1940417e+00   2.4865057e+00   2.9491669e+00   3.9903051e+00   3.4311289e+00   3.1547398e+00   4.1105660e+00
   2.0000000e+00   2.8206097e+00   2.1425164e-01   2.8365740e+00   4.2875770e+00   4.4286581e+00   3.5696426e+00   9.7383642e-01   1.9948361e+00   2.0281310e+00   1.6854105e+00
   2.0000000e+00   4.9481646e+00   4.4463973e+00   3.2272030e+00   2.0420557e+00   3.3472409e+00   3.0988041e+00   2.9721646e+00   3.3539990e+00   3.2121049e+00   3.2280975e+00
   2.0000000e+00   2.9177170e+00   2.6629220e+00   2.1066906e+00   1.2845810e+00   2.0554923e+00   2.3895717e+00   3.1057339e+00   2.2114933e+00   2.7992894e+00   3.7810647e+00
   1.0000000e+00   3.3045047e+00   3.9910141e+00   1.9050277e+00   3.4361243e+00   3.7978700e+00   1.2864632e+00   2.6913745e+00   3.4838181e+00   3.8773413e+00   2.2405703e+00
   1.0000000e+00   5.2670194e-01   4.0841775e+00   2.5583008e+00   3.0606733e+00   3.6038522e+00   2.5713892e+00   1.1803971e+00   2.1363043e+00   1.6274763e+00   3.4061685e+00
   1.0000000e+00   3.8876563e+00   3.4614370e+00   1.2966456e+00   3.0680955e+00   1.4405661e+00   3.3472349e+00   3.3265359e+00   3.3749077e+00   2.8827264e+00   2.8791053e+00
   2.0000000e+00   4.6040736e+00   3.0964557e+00   1.1708038e+00   2.0743894e+00   1.6042949e+00   2.0150623e+00   2.0444503e+00   5.7223501e+00   3.2422750e+00   2.7867465e+00
   2.0000000e+00   1.8442037e+00   4.4293312e+00   1.1140985e+00   3.7079533e+00   3.1386935e+00   1.9824346e+00   3.6563491e+00   3.8321640e+00   2.2162333e+00   1.9630134e+00
   1.0000000e+00   2.7764417e+00   1.5648722e+00   3.3204826e+00   3.4987991e+00   2.2978611e+00   4.3531262e+00   2.7626313e+00   2.5309520e+00   2.9941261e+00   4.3459321e+00
   2.0000000e+00   2.2579858e+00   2.3422884e+00   3.1728496e+00   1.6776813e+00   2.4795107e+00   3.6818529e+00   3.8139075e+00   2.7649320e+00   3.5465930e+00   3.4808615e+00
   2.0000000e+00   9.9362642e-01   1.7135362e+00   3.0591274e+00   2.9558300e+00   3.7641164e+00   3.7220915e+00   3.7164243e+00   1.4828081e+00   1.8506349e+00   2.9595178e+00
   2.0000000e+00   1.6416454e+00   2.5284985e+00   6.2289306e+00   4.2088458e+00   3.2985301e+00   8.5144344e-01   3.2597067e+00   3.1093421e+00   3.5124984e+00   3.2003484e+00
   2.0000000e+00   2.9559166e+00   1.5150323e+00   3.4506208e+00   2.9074509e+00   4.0527312e+00   2.4490502e+00   3.2434265e+00   4.0577449e+00   4.3587148e+00   4.4204342e+00
   2.0000000e+00   3.0210405e+00   4.3222677e+00   3.6358198e+00   5.0257244e+00   3.2957775e+00   4.2133245e+00   2.7553328e+00   4.1568345e+00   3.0359632e+00   2.7704680e+00
   1.0000000e+00   3.6910815e+00   3.1707785e+00   2.8096658e+00   3.0719077e+00   4.4587117e+00   3.3391857e+00   3.6981815e+00   2.3644527e+00   1.1950716e+00   2.3096943e+00
   2.0000000e+00   2.6575953e+00   3.5365315e+00   1.3771203e+00   2.7535292e+00   2.6478123e+00   9.5542759e-01   2.1009981e+00   3.3675853e+00   2.6254080e+00   3.4025245e+00
   2.0000000e+00   2.6668791e+00   3.6013375e+00   4.3093253e+00   1.7183147e+00   3.1412657e+00   3.8876175e+00   2.8566365e+00   3.3063866e+00   4.6734869e+00   3.9057014e+00
   1.0000000e+00   4.5546726e+00   4.6857710e+00   4.1650146e+00   3.0207597e+00   2.9362090e+00   3.0893368e+00   2.8833007e+00   3.0560861e+00   2.2533577e+00   2.6158710e+00
   1.0000000e+00   2.2705546e+00   2.3414858e+00   3.4519963e+00   3.5973814e+00   3.1327838e+00   4.0525786e+00   2.5724003e+00   2.2945260e+00   4.0276640e+00   1.7164614e+00
   2.0000000e+00   2.1916562e+00   1.6110084e+00   9.6275722e-01   4.8868348e+00   1.9083402e+00   1.2535251e+00   2.5882963e+00   2.2759332e+00   2.6441074e+00   1.2861001e+00
   2.0000000e+00   3.5056280e+00   1.8833951e+00   3.6867935e+00   2.1896407e+00   3.6954499e+00   3.9057953e+00   2.4438749e+00   3.0043539e+00   2.1970155e+00   1.8678240e+00
   2.0000000e+00   3.5587564e+00   3.5489962e+00   3.3365036e+00   2.7897782e+00   2.3612211e+00   2.5730699e+00   3.5390336e+00   2.5812622e+00   3.0548759e+00   4.5351322e+00
   1.0000000e+00   2.9662106e+00   3.1729277e+00   5.1329776e+00   3.0774859e+00   1.9883726e+00   3.4430506e+00   4.4565602e+00   2.5722094e+00   2.6690211e+00   3.9897491e+00
   1.0000000e+00   3.0181018e+00   3.2796554e+00   3.0633986e+00   3.3353800e+00   5.5629750e+00   1.0037584e+00   4.1090722e+00   3.5320174e+00   3.7944236e+00   1.8295524e+00
   1.0000000e+00   2.3185950e+00   3.2234843e+00   2.3083115e+00   3.4301045e+00   1.9634898e+00   3.5301195e+00   1.6869072e+00   3.7144087e+00   2.6736832e+00   2.8115881e+00
   2.0000000e+00   4.2242071e+00   2.7022572e+00   2.0616808e+00   4.4799474e+00   7.0381766e-01   6.1318406e-01   3.1315709e+00   2.9444286e+00   1.5754672e+00   3.3106442e+00
   1.0000000e+00   3.2075613e+00   1.2795313e+00   2.6960982e+00   3.7109085e+00   2.7083263e+00   3.3185136e+00   3.3941952e+00   3.3105826e+00   2.5815906e+00   2.3385483e+00
   2.0000000e+00   3.7526662e+00   3.1987548e+00   2.5621516e+00   2.4401540e+00   2.1215664e+00   3.0056632e+00   2.1393599e+00   4.2481803e+00   1.8074086e+00   3.3303948e+00
   2.0000000e+00   4.1216543e+00   4.6043066e+00   4.0777277e+00   5.4032091e+00   4.8085733e+00   3.0636878e+00   2.8409511e+00   2.4157642e+00   4.5615359e+00   2.2830427e+00
   2.0000000e+00   3.7099229e+00   1.8154312e+00   5.2628248e+00   2.4492955e+00   3.5081985e+00   3.8610289e+00   3.6770886e+00   3.3706243e+00   3.6827082e+00   1.8878146e+00
   1.0000000e+00   9.2713612e-01   4.0107212e+00   1.7736817e+00   3.4246425e+00   3.2759573e+00   2.5978955e+00   2.0318776e+00   3.5008284e+00   3.5567099e+00   2.0399909e+00
   2.0000000e+00   4.0784942e+00   4.3773946e+00   2.8099283e+00   4.4922798e+00   2.5952393e+00   2.5899655e+00   2.9684512e+00   2.7555371e+00   4.0584190e+00   3.6120936e+00
   2.0000000e+00   2.4613785e+00   2.1591520e+00   2.7871106e+00   4.5600052e+00   2.9416835e+00   3.1950204e+00   3.9178981e+00   2.7647392e+00   3.0519245e+00   2.5680739e+00
   2.0000000e+00   3.0979726e+00   2.9733895e+00   1.2129866e+00   1.9911210e+00   1.1906739e+00   4.3941302e+00   2.9012555e+00   2.9804042e+00   2.6261510e+00   2.6161296e+00
   2.0000000e+00   3.1703213e+00   3.2622252e+00   3.1754169e+00   2.8281998e+00   2.3423977e+00   2.5322471e+00   4.0596911e+00   2.2444547e+00   8.9724136e-01   2.9628118e+00
   2.0000000e+00   1.2880369e+00   4.0994831e+00   2.4955031e+00   2.2260147e+00   4.1008245e+00   2.2874999e+00   3.4642601e+00   4.4726423e+00   4.3607168e+00   2.0242864e+00
   2.0000000e+00   4.5188973e+00   4.0953423e+00   2.3887659e+00   2.8606144e+00   1.7997302e+00   1.5552292e+00   2.3267786e+00   3.0051468e+00   2.5889983e+00   2.4610910e+00
   2.0000000e+00   3.3093404e+00   3.1285338e+00   4.1818566e+00   2.8449873e+00   2.2225142e+00   4.5975822e+00   4.4761351e+00   2.2356048e+00   3.4392793e+00   3.6558406e+00
   2.0000000e+00   3.6990903e+00   3.1360596e+00   3.6594681e+00   1.7272344e+00   3.5112397e+00   3.7167408e+00   3.1896967e+00   2.6771425e+00   2.9524973e+00   3.9935756e+00
   2.0000000e+00   2.8604654e+00   2.4570300e+00   2.2727806e+00   3.3790001e+00   3.3179624e+00   3.4189682e+00   1.6166003e+00   4.4577943e+00   3.4539125e+00   2.9697139e+00
   2.0000000e+00   3.5218411e+00   3.1898335e+00   3.8675821e+00   3.4202059e+00   3.7836434e+00   4.4398078e+00   2.2151190e+00   1.2151167e+00   2.7783827e+00   3.2297897e+00
   2.0000000e+00   2.9667502e+00   1.2318558e+00   2.6304095e+00   2.8053879e+00   3.9304336e+00   3.2269076e+00   1.9835231e+00   3.5217245e+00   2.3207371e+00   2.2254236e+00
   2.0000000e+00   2.7288452e+00   3.5260763e+00   2.3807926e+00   2.5541146e+00   2.6705901e+00   2.3150481e+00   6.8323145e-01   3.8515118e+00   3.6846098e+00   2.5188406e+00
   2.0000000e+00   4.0638890e+00   5.3039229e+00   2.9843107e+00   2.6617824e+00   5.3730973e+00   2.6280416e+00   2.8886204e+00   3.7453041e+00   4.4282970e+00   2.5935470e+00
   2.0000000e+00   2.9344117e+00   4.1259601e+00   1.9848380e+00   7.8350333e-01   2.8631380e+00   3.6674904e+00   3.2239644e+00   1.6272331e+00   1.7413939e+00   3.5237264e+00
   2.0000000e+00   1.9070339e+00   1.5089043e+00   2.5948474e+00   1.8264549e+00   3.8860407e+00   4.9639448e+00   3.4934565e+00   4.7920151e+00   4.6961526e+00   2.7523029e+00
   2.0000000e+00   3.5681886e+00   4.2993640e+00   2.4832301e+00   2.0892329e+00   2.8650566e+00   3.7072990e+00   3.4679912e+00   2.6950565e+00   4.8878205e+00   4.1456257e+00
   1.0000000e+00   2.2279805e+00   1.3358652e+00   2.7170686e+00   3.1515601e+00   3.2593803e+00   2.7387709e+00   3.4513110e+00   3.2898692e+00   3.7454516e+00   1.9783841e+00
   1.0000000e+00   2.3852582e+00   4.2681637e+00   2.8791414e+00   3.2230649e+00   1.5466488e+00   2.9935507e+00   2.2318150e+00   2.3807979e+00   3.9770953e+00   3.3022700e+00
   2.0000000e+00   2.4495151e+00   3.0556177e+00   4.9737024e+00   2.5804457e+00   3.3720329e+00   3.4234040e+00   1.8939087e+00   2.9513383e+00   2.1029964e+00   2.3539452e+00
   2.0000000e+00   4.1157862e+00   1.5083502e+00   3.7715723e+00   3.5840455e+00   2.7041359e+00   2.7097163e+00   3.3286019e+00   1.6282440e+00   3.7373423e+00   3.0264229e+00
   1.0000000e+00   3.1412847e+00   1.9013305e+00   2.5090136e+00   3.2523386e+00   1.5229590e+00   1.4532273e+00   2.3460636e+00   2.6347127e+00   3.3938829e+00   3.1209587e+00
   2.0000000e+00   1.8899277e+00   3.2000562e+00   3.9410528e+00   3.8536797e+00   3.2787373e+00   2.2568875e+00   3.1242362e+00   2.1964080e+00   4.3086688e+00   8.5413531e-01
   2.0000000e+00   2.6745248e+00   3.9610913e+00   3.8235203e+00   2.9603898e+00   6.8392423e-01   2.2989246e+00   2.4208217e+00   2.7266986e+00   4.1075902e+00   2.7920357e+00
   1.0000000e+00   3.5938129e+00   2.2272438e+00   3.9537019e+00   3.0944514e+00   3.3845391e+00   1.9223400e+00   2.7623892e+00   3.3400932e+00   2.9803101e+00   2.3069551e+00
   2.0000000e+00   2.8214010e+00   1.8736170e+00   3.0495663e+00   3.6209506e+00   4.0168891e+00   2.4735030e+00   4.0651050e+00   3.0600799e+00   3.5861342e+00   4.9678392e+00
   1.0000000e+00   2.5137090e+00   2.3333458e+00   1.6569075e+00   3.0306368e+00   2.3819172e+00   3.0568737e+00   2.3897625e+00   3.9515793e+00   3.7248452e+00   4.0463621e+00
   2.0000000e+00   8.5737081e-01   3.7384231e+00   3.6205606e+00   4.0698985e+00   3.4285344e+00   2.0295566e+00   4.6423895e-01   3.1073352e+00   2.1341349e+00   2.8346621e+00
