  2.0000000e+000  2.9012508e+000  2.0811730e+000  3.2116384e+000  3.8558573e+000  3.4763647e+000  2.2752387e+000  1.9497762e+000  2.7763042e+000  1.4124688e+000  2.9030358e+000
  2.0000000e+000  3.3076513e+000  2.2638613e+000  2.1292038e+000  1.0414783e+000  2.5974860e+000  3.5925750e+000  2.3652417e+000  2.1882338e+000  3.5763355e+000  8.3380869e-001
  2.0000000e+000  5.0354530e+000  1.6394944e+000  3.5480118e+000  3.6283629e+000  2.8696924e+000  3.9886698e+000  3.6685007e+000  2.2254261e+000  2.7191768e+000  1.4590639e+000
  1.0000000e+000  2.4274298e+000  3.4834921e+000  3.4842440e+000  2.4971876e+000  1.8245943e+000  2.2799538e+000  3.6887164e+000  2.2485445e+000  2.8636546e+000  2.1806440e+000
  2.0000000e+000  2.0179930e+000  3.3243154e+000  9.7514411e-001  3.9968471e+000  4.0241684e+000  2.9241937e+000  4.0241199e+000  4.2569512e+000  1.3966315e+000  2.4483814e+000
  2.0000000e+000  3.4898712e+000  2.0193570e+000  2.0732147e+000  4.5527596e+000  2.4272029e+000  1.6695802e+000  3.8780435e+000  4.2780044e+000  3.2261501e+000  4.4069263e+000
  2.0000000e+000  4.9356689e+000  2.3228162e+000  3.9845530e+000  1.6662925e+000  2.7147653e+000  2.6316365e+000  1.8728339e+000  4.4519826e+000  2.4391991e+000  4.0877899e+000
  2.0000000e+000  2.1390967e+000  5.2019374e+000  3.8944790e+000  2.6691855e+000  1.4294700e+000  3.0251383e+000  1.3346153e+000  2.8442748e+000  2.8575203e+000  3.8937359e+000
  2.0000000e+000  3.5255949e+000  2.6581700e+000  2.8328876e+000  3.4267035e+000  3.1301597e+000  2.2958655e+000  2.1943202e+000  3.3480386e+000  3.9738790e+000  2.3075523e+000
  2.0000000e+000  3.3122005e+000  1.6363204e+000  2.8327107e+000  1.3221509e+000  4.5299992e+000  3.5192109e+000  3.7781476e+000  2.9655585e+000  3.2382963e+000  4.7858879e-001
  2.0000000e+000  3.4126513e+000  4.6242612e+000  3.1082668e+000  3.5727842e+000  2.6588221e+000  2.7770788e+000  2.4198935e+000  3.7798344e+000  2.0165888e+000  3.0616345e+000
  2.0000000e+000  3.6217971e+000  4.0222862e+000  2.7339524e+000  4.5012186e+000  3.8476116e+000  3.4016428e+000  4.5910417e+000  2.7363964e+000  1.5903026e+000  5.2193691e+000
  2.0000000e+000  2.7094413e+000  1.6767776e+000  1.5695953e+000  3.7354622e+000  2.2677537e+000  5.7899118e+000  2.9435560e+000  5.1348894e-001  3.3055434e+000  2.9449320e+000
  1.0000000e+000  4.4109711e+000  2.8638312e+000  4.2409065e+000  2.0136533e+000  3.2570980e+000  3.4746912e+000  3.0842279e+000  3.4793835e+000  3.1791498e+000  4.0178654e+000
  2.0000000e+000  1.5169985e+000  2.3201443e+000  4.2972463e+000  2.5656036e+000  4.8958963e+000  3.5999510e+000  2.4062909e+000  3.2078210e+000  1.7139979e+000  3.7542506e+000
  2.0000000e+000  4.3386954e+000  2.4924048e+000  3.2446009e+000  3.3100370e+000  2.9959967e+000  4.8770784e+000  2.9900880e+000  4.0813677e+000  4.4540683e+000  4.1401084e+000
  2.0000000e+000  2.9228982e+000  1.9662292e+000  3.9465780e+000  2.7420800e+000  2.3006151e+000  2.0192591e+000  3.6164571e+000  3.1174848e+000  2.6280141e+000  1.6500154e+000
  2.0000000e+000  3.3955319e+000  1.2623795e+000  3.7857049e+000  2.7742027e+000  2.5223542e+000  1.9025167e+000  2.8627871e+000  1.9736336e+000  2.7360165e+000  4.9518138e+000
  2.0000000e+000  5.0423895e+000  2.4574500e+000  2.1889466e+000  3.1100317e+000  2.4026857e+000  4.8449823e+000  1.5318893e+000  3.9238818e+000  3.2842834e+000  5.4546651e+000
  1.0000000e+000  3.0210375e+000  2.6064896e+000  2.2956154e+000  4.0189647e+000  1.5105000e+000  3.2989948e+000  3.5807363e+000  2.7812958e+000  3.4954883e+000  3.2593229e+000
  2.0000000e+000  2.4346860e+000  2.9690476e+000  4.0455114e+000  2.8695606e+000  4.0724456e+000  2.1866493e+000  1.9029526e+000  3.3672334e+000  3.6557843e+000  2.1506425e+000
  2.0000000e+000  2.0079163e+000  2.2149139e+000  2.9627716e+000  2.9742869e+000  4.8381574e+000  2.7838338e+000  1.7928225e+000  2.2079004e+000  3.6194887e+000  2.2365293e+000
  2.0000000e+000  8.1498705e-001  2.2711340e+000  1.2142053e+000  2.5482467e+000  2.4741528e+000  2.6023573e+000  2.4190475e+000  2.5478401e+000  3.2345857e+000  3.5135650e+000
  1.0000000e+000  2.3168493e+000  3.0879739e+000  2.4405809e+000  3.0799026e+000  1.9628860e+000  3.9046658e+000  3.9158347e+000  2.7763888e+000  1.7009350e+000  1.6363361e-001
  2.0000000e+000  3.5686712e+000  1.4428233e+000  3.4426572e+000  3.3206092e+000  3.7989660e+000  2.4847999e+000  2.8400999e+000  2.8080689e+000  4.3662903e+000  3.0955360e+000
  2.0000000e+000  3.4160512e+000  3.7160472e+000  3.5617474e+000  3.0050720e+000  3.8739868e+000  2.5398790e+000  2.1765882e+000  1.6724191e+000  4.6711626e+000  3.9535311e+000
  1.0000000e+000  3.3623471e+000  3.6796586e+000  2.7694903e+000  2.0319127e+000  2.2839712e+000  3.2055355e+000  3.4968377e+000  3.0913712e+000  1.7769587e+000  2.3773911e+000
  2.0000000e+000  3.2243184e+000  1.9556450e+000  3.9710970e+000  2.3504778e+000  3.1908169e+000  3.2702466e+000  3.7346286e+000  3.2999656e+000  3.4107608e+000  2.3886170e+000
  2.0000000e+000  2.6525249e+000  2.6089598e+000  4.1137090e+000  4.7162763e+000  2.6412798e+000  3.5141576e+000  2.4318325e+000  1.1860322e+000  3.0762304e+000  2.9002946e+000
  2.0000000e+000  1.2013901e+000  3.5727207e+000  4.8098705e+000  1.9864188e+000  4.2052860e+000  3.1732746e+000  2.5938385e+000  3.0493888e+000  2.7449393e+000  2.2240500e+000
  2.0000000e+000  1.2299915e+000  2.4520358e+000  2.7992484e+000  9.2070131e-001  4.3517988e+000  4.2654451e+000  3.6533285e+000  3.2937491e+000  1.0661530e+000  3.3242563e+000
  2.0000000e+000  2.3090781e+000  2.7894047e+000  1.9740331e+000  4.5852385e+000  2.7870256e+000  1.4888519e+000  2.9492163e+000  1.8284758e+000  3.3689963e+000  2.2836445e+000
  2.0000000e+000  3.8980136e+000  2.5301719e+000  1.3195419e+000  3.9072768e+000  3.3807142e+000  3.0171035e+000  2.2162537e+000  2.5882769e+000  3.8806544e+000  2.3368207e+000
  1.0000000e+000  2.2205671e+000  2.0281968e+000  3.7847545e+000  2.1839329e+000  1.9885329e+000  4.5968809e+000  3.0428477e+000  4.7382400e+000  2.7223354e+000  3.4670827e+000
  1.0000000e+000  2.6238977e+000  2.8835245e+000  3.3045648e+000  2.5902556e+000  1.9259357e+000  2.1259431e+000  3.6320767e+000  2.1746207e+000  3.9476826e+000  1.7629999e+000
  2.0000000e+000  1.0682595e+000  4.0650724e+000  2.2079656e+000  3.6866538e+000  2.4930966e+000  2.0290248e+000  3.6862485e+000  3.0755042e+000  3.5664078e+000  2.5539243e+000
  2.0000000e+000  1.8342392e+000  2.1735235e+000  4.5296318e+000  2.4225041e+000  3.4472900e+000  2.8982363e+000  2.6044427e+000  2.1713261e+000  3.3714056e+000  1.6014495e+000
  1.0000000e+000  2.7002805e+000  2.9360886e+000  2.1169564e+000  4.2650897e+000  1.9155192e+000  5.3071011e+000  3.6538904e+000  4.1314992e+000  1.9054477e+000  4.6424240e+000
  2.0000000e+000  2.7153809e+000  3.2294819e+000  1.9453889e+000  2.0932337e+000  3.6742692e+000  3.0245542e+000  2.0733636e+000  5.0285167e+000  2.6299530e+000  3.1769089e+000
  2.0000000e+000  1.8562829e+000  3.0298180e+000  4.1116585e+000  3.3189763e+000  3.7895127e+000  3.2590949e+000  2.3815064e+000  2.8691256e+000  3.8824774e+000  4.9313660e+000
  2.0000000e+000  3.1918408e+000  4.2591093e+000  1.6823792e+000  3.0193074e+000  2.0162067e+000  4.2935077e+000  3.2704144e+000  2.5760036e+000  2.3890076e+000  4.8544277e+000
  2.0000000e+000  4.8202495e+000  4.1869450e+000  3.1773906e+000  1.9180631e+000  2.8533607e+000  3.1433002e+000  3.1587556e+000  3.5363495e+000  2.6873282e+000  2.4894786e+000
  2.0000000e+000  1.9884053e+000  2.7009743e+000  2.4604971e+000  4.3131325e+000  2.8621563e+000  1.6938313e+000  1.5965998e+000  4.2249861e+000  8.3418218e-001  2.6446182e+000
  2.0000000e+000  3.6286412e+000  1.8838635e+000  2.4661455e+000  3.8928115e+000  2.5021147e+000  4.4670562e+000  2.2530698e+000  3.1611729e+000  1.2518191e+000  1.9918483e+000
  2.0000000e+000  2.0124490e+000  5.3598859e+000  3.1047068e+000  1.9726788e+000  1.3410892e+000  3.7431040e+000  1.8180231e+000  2.6893398e+000  2.1096327e+000  2.3485591e+000
  2.0000000e+000  4.4448602e+000  5.3610594e-001  3.7453166e+000  1.8891038e+000  3.8920382e+000  1.7570819e+000  4.2791009e+000  8.8246967e-001  1.6616290e+000  3.3915147e+000
  1.0000000e+000  1.9424911e+000  3.4224281e+000  4.1597381e+000  3.7970502e+000  2.2574991e+000  2.8612286e+000  3.4757008e+000  3.8188514e+000  1.9274373e+000  1.9724424e+000
  2.0000000e+000  3.2360231e+000  7.1841444e-001  2.7169622e+000  2.6855986e+000  3.0458404e+000  2.9170763e+000  3.3191982e+000  1.5299807e+000  4.2079176e+000  2.2382417e+000
  2.0000000e+000  2.3421552e+000  4.1522616e+000  2.8506148e+000  1.7897720e+000  2.4403733e+000  1.8495833e+000  2.0130532e+000  3.1582912e+000  2.1299196e+000  2.5997480e+000
  2.0000000e+000  1.7832616e+000  3.3357379e+000  4.8894379e+000  2.4670367e+000  2.3814028e+000  3.4192851e+000  1.7914893e+000  3.6214973e+000  2.7947392e+000  3.0769846e+000
  2.0000000e+000  3.4798267e+000  3.2636490e+000  1.5116795e+000  6.5233735e-001  3.2430094e+000  2.6298806e+000  2.6395693e+000  2.2439130e+000  2.1993894e+000  3.1983902e+000
  2.0000000e+000  1.5455534e+000  1.4705511e+000  5.9884252e+000  3.3074556e+000  3.2082995e+000  3.6037292e+000  3.0588644e+000  1.8725732e+000  5.1338534e+000  2.7127125e+000
  1.0000000e+000  2.1775545e+000  3.2786684e+000  3.3085888e+000  2.7927340e+000  3.2321593e+000  4.3429091e+000  3.0251917e+000  2.1999287e+000  3.9769837e+000  3.9077868e+000
  2.0000000e+000  4.0704721e+000  2.5401732e+000  1.5111867e+000  2.9394533e+000  2.3278634e+000  1.8034739e+000  2.1334114e+000  1.1196951e+000  4.0606547e+000  2.6235324e+000
  2.0000000e+000  2.0811247e+000  3.6514100e+000  1.8659742e+000  3.1407943e+000  4.0280337e-001  2.6796005e+000  4.7514297e+000  3.1035317e+000  1.2664552e+000  3.4372195e+000
  2.0000000e+000  3.3081331e+000  2.6701338e+000  3.7489328e+000  3.9879312e+000  3.8485017e+000  7.4418200e-001  3.9705498e+000  2.7851154e+000  3.9957493e+000  1.4648659e+000
  2.0000000e+000  1.8935211e+000  2.3581031e+000  2.8334726e+000  2.6394811e+000  2.1600510e+000  3.2108728e+000  2.3588324e+000  3.2848180e+000  3.7634026e+000  3.4616769e+000
  1.0000000e+000  1.5254548e+000  3.3713369e+000  2.4591208e+000  3.2249151e+000  3.7384863e+000  9.0181975e-001  3.8674079e+000  1.9457567e+000  1.7845834e+000  2.5145891e+000
  2.0000000e+000  2.2378107e+000  2.7534266e+000  3.1170684e+000  1.9133482e+000  6.5435601e-001  2.1562575e+000  4.9509762e+000  4.9704736e+000  2.3291581e+000  3.5503871e+000
  2.0000000e+000  1.6212314e+000  3.3485642e+000  2.4562033e+000  1.6998086e+000  3.5220177e+000  2.3627457e+000  4.5725779e+000  3.0609174e+000  1.5968935e+000  4.6669141e+000
  1.0000000e+000  1.6040214e+000  2.3763237e+000  2.1580431e+000  1.5278143e+000  3.2359890e+000  3.5367514e+000  3.6291436e+000  3.8988936e+000  3.5492838e+000  2.4123791e+000
  1.0000000e+000  5.3028673e+000  2.4720798e+000  6.8102727e-001  3.0867940e+000  4.4271839e+000  3.1180345e+000  3.2151662e+000  3.4518597e+000  3.7773662e+000  2.3687311e+000
  2.0000000e+000  2.9053103e+000  2.8702651e+000  2.2340623e+000  5.0178186e+000  2.1936652e+000  2.5136795e+000  4.4197543e+000  2.5521682e+000  4.0417219e+000  1.8988112e+000
  1.0000000e+000  3.7177696e-001  3.4992247e+000  2.7572868e+000  2.9316877e+000  3.2439561e+000  2.0261294e+000  3.3724223e+000  3.6333496e+000  2.8660574e+000  3.8366335e+000
  2.0000000e+000  2.4688151e+000  2.9033787e+000  3.5969383e+000  1.4679829e+000  2.9680566e+000  4.2829072e+000  4.5006310e+000  3.1371441e+000  3.0649271e+000  2.0541500e+000
  2.0000000e+000  9.3533111e-001  2.4628919e+000  1.0049347e+000  3.8657082e+000  8.6487888e-002  3.2443228e+000  1.4761631e+000  3.7173905e+000  4.0810586e+000  3.3796744e+000
  2.0000000e+000  1.3270891e+000  2.6482030e+000  3.1282140e+000  5.0300699e+000  2.9113365e+000  2.3916957e+000  2.2930164e+000  2.0154017e+000  2.0780966e+000  3.3695664e+000
  2.0000000e+000  3.6069884e+000  2.3879688e+000  5.2558175e+000  3.2880276e+000  2.7031404e+000  4.9176943e+000  2.3631382e+000  2.7396738e+000  2.6183270e+000  1.8029097e+000
  2.0000000e+000  2.8504424e+000  3.6819723e+000  2.6951503e+000  2.9059169e+000  3.5369774e+000  4.0169686e+000  4.7910057e+000  5.5187156e+000  1.4194672e+000  1.6529202e+000
  2.0000000e+000  1.3676563e+000  3.5920377e+000  4.0003025e+000  2.5857981e+000  3.2171464e+000  3.9233944e+000  3.6774441e-001  4.3295715e+000  3.6521438e+000  3.6204721e+000
  2.0000000e+000  3.2941835e+000  2.3517497e+000  4.3321825e+000  5.4429860e+000  2.5403180e+000  2.1450804e+000  2.4205883e+000  4.5540812e+000  4.1429804e+000  3.3165159e+000
  2.0000000e+000  3.3837359e+000  1.5242332e+000  3.6433723e+000  1.2752796e+000  2.7327731e+000  2.4529104e+000  2.8353102e+000  3.6834382e+000  1.6485033e+000  4.3060135e+000
  2.0000000e+000  4.3487500e+000  2.9637918e+000  3.6620690e+000  1.9182729e+000  3.2565780e+000  1.5930595e+000  2.3100853e+000  2.1904074e+000  1.7763144e+000  1.2806489e+000
  2.0000000e+000  3.7018393e+000  2.4315692e+000  4.1834452e+000  3.5103341e+000  4.1702147e+000  3.3619519e+000  3.8782676e+000  3.0336513e+000  3.2857146e+000  2.3027374e+000
  2.0000000e+000  4.5656342e+000  3.8955751e+000  3.7243237e+000  1.7350543e+000  2.0959647e+000  4.3210743e+000  3.7675950e+000  3.6014254e+000  3.4991969e+000  2.4178575e+000
  2.0000000e+000  2.6664568e+000  4.6336539e+000  3.2785057e+000  3.4491865e+000  1.6581506e+000  5.4370385e+000  1.9623765e-001  3.6833576e+000  2.2391181e+000  2.6682189e+000
  2.0000000e+000  3.5627131e+000  3.0413820e+000  2.5923019e+000  1.9999105e+000  2.3036724e+000  3.8027442e+000  2.3453236e+000  3.7588846e+000  3.5480339e+000  5.5408266e+000
  2.0000000e+000  3.7663747e+000  3.5118349e+000  1.0285503e+000  3.7549113e+000  2.2667209e+000  2.5825145e+000  4.1016246e+000  2.9561374e+000  1.9377118e+000  2.7276804e+000
  2.0000000e+000  1.8517723e+000  2.3339965e+000  2.4029786e+000  1.9684133e+000  4.4405907e+000  3.5131480e+000  4.6449833e+000  2.4115373e+000  1.7316670e+000  4.1899863e+000
  2.0000000e+000  3.0757371e+000  2.3904306e+000  2.8557063e+000  1.1986910e+000  3.0881793e+000  2.1376439e+000  1.1490378e+000  3.3242739e+000  3.2316031e+000  2.1602398e+000
  2.0000000e+000  7.6250961e-001  4.1592527e+000  2.8777788e+000  5.9454383e+000  2.7989763e+000  2.4897674e+000  2.8435544e+000  2.6393230e+000  4.1991488e+000  3.5911338e+000
  2.0000000e+000  2.8154302e+000  3.6222539e+000  9.9247008e-001  3.9951164e+000  1.6986301e+000  1.5186749e+000  3.8349901e+000  2.0191820e+000  2.3092689e+000  4.4397208e+000
  2.0000000e+000  1.8333688e+000  2.5600262e+000  3.6874875e+000  2.9703871e+000  2.8395102e+000  3.9837103e+000  2.8839464e+000  4.6603702e+000  3.6460258e+000  2.8831931e+000
  2.0000000e+000  1.5639487e+000  4.7382224e+000  4.6666565e+000  1.7091406e+000  3.5874435e+000  3.3493047e+000  4.0506074e+000  3.3682088e+000  4.1515032e+000  2.9312152e+000
  2.0000000e+000  1.9892088e+000  3.9233080e+000  3.0164314e+000  1.6409534e+000  2.3413000e+000  3.4016898e+000  4.6289797e+000  3.1591068e+000  2.6511643e+000  2.4562762e+000
  1.0000000e+000  2.9048991e+000  3.6995855e+000  3.5013969e+000  3.5338025e+000  3.9963289e+000  2.7009146e+000  3.4025570e+000  4.5241423e+000  3.9305406e+000  3.3123583e+000
  2.0000000e+000  3.0719891e+000  2.8684429e+000  5.3073007e+000  4.8566314e+000  3.1007600e+000  3.3914020e+000  2.6176912e+000  4.8823581e+000  1.1851019e+000  3.6101046e+000
  2.0000000e+000  3.4915205e+000  2.5549665e+000  3.3208477e+000  4.0052882e+000  3.3958576e+000  2.8844128e+000  1.2537269e+000  3.6573141e+000  2.3226632e+000  2.9774460e+000
  1.0000000e+000  3.0368075e+000  2.6754509e+000  2.9471944e+000  2.8440251e+000  2.7562670e+000  2.7621648e+000  3.3691315e+000  1.3764788e+000  3.6484224e+000  4.6686380e+000
  2.0000000e+000  3.1946761e+000  2.3875309e+000  2.4091465e+000  4.0072915e+000  2.9348581e+000  7.4248868e-001  2.7056650e+000  2.6766052e+000  3.9214927e+000  3.5658493e+000
  2.0000000e+000  4.3299282e+000  2.7803496e+000  5.2846344e-001  2.3763528e+000  3.7350905e+000  3.9834687e+000  2.5259759e+000  3.9568377e+000  3.0439420e+000  3.4925562e+000
  1.0000000e+000  4.5852580e-001  2.6574072e+000  1.9735484e+000  1.9094645e+000  2.9642140e+000  2.5380052e+000  3.5139832e+000  4.7172739e+000  1.9156986e+000  3.7466086e+000
  2.0000000e+000  2.5456537e+000  3.8317167e+000  8.8062858e-001  2.5515088e+000  3.0288315e+000  3.5000436e+000  2.4257632e+000  2.3208284e+000  1.9681515e+000  4.2518870e+000
  1.0000000e+000  4.8844320e+000  2.7242046e+000  3.6511619e+000  4.4681565e+000  3.6218315e+000  2.9438868e+000  3.3157870e+000  3.6654624e+000  3.0350928e+000  4.3644324e+000
  2.0000000e+000  1.8657390e+000  3.8595963e+000  2.1288224e+000  4.7291696e+000  3.9401581e+000  2.8163739e+000  5.1574183e+000  3.2221132e+000  4.9348134e+000  2.5400227e+000
  1.0000000e+000  3.6262799e+000  2.7962247e+000  1.3548650e+000  1.7170416e+000  3.6858321e+000  4.4898599e+000  3.1835841e+000  2.7620822e+000  3.0182141e+000  2.5406257e+000
  2.0000000e+000  4.5125725e+000  3.8470736e+000  4.2253423e+000  3.7936453e+000  1.7021528e+000  2.9729915e+000  2.9518528e+000  5.6012674e+000  3.1924068e+000  5.3965844e-001
  2.0000000e+000  4.7732992e+000  2.5959616e+000  1.4250236e+000  2.2763893e+000  3.5543945e+000  1.1181007e+000  3.9758113e+000  8.6345688e-001  2.5403693e+000  2.5328056e+000
  1.0000000e+000  2.8995957e+000  2.7666297e+000  4.0685440e+000  1.6570492e+000  2.4127282e+000  3.2419085e+000  3.0003167e+000  3.4107197e+000  3.1726598e+000  4.0655669e+000
  2.0000000e+000  2.9237102e+000  1.6878595e+000  3.9167024e+000  4.3892646e+000  3.2852857e+000  2.1969402e+000  2.0905115e+000  2.1184655e+000  2.4168598e+000  1.9868616e+000
