  2.0000000e+000  3.5639775e+000  3.2289903e+000  4.5107745e+000  3.6325999e+000  3.3321306e+000  4.4862477e+000  2.4828445e+000  4.3378827e+000  4.0213858e+000  1.9536258e+000
  2.0000000e+000  2.7859769e+000  3.0360983e+000  2.9070522e+000  3.5078515e+000  3.6179352e+000  2.3468240e+000  2.6592861e+000  2.2086706e+000  4.4929581e+000  3.5507619e+000
  1.0000000e+000  3.3775300e+000  2.9332079e+000  2.5536725e+000  3.2828407e+000  1.2988779e+000  3.5820778e+000  2.3657876e+000  2.2738237e+000  4.3924717e+000  3.7093426e+000
  2.0000000e+000  3.6967927e+000  2.2107467e+000  2.9457722e+000  2.5986200e+000  2.6856231e+000  2.7483593e+000  3.7319799e+000  3.2875261e+000  3.0305346e+000  3.7617081e+000
  1.0000000e+000  2.2722611e+000  1.3325122e+000  2.1270107e+000  2.5170688e+000  3.1844186e+000  3.4279488e+000  2.6306564e+000  3.0183105e+000  4.1225286e+000  2.5920516e+000
  1.0000000e+000  2.1110714e+000  2.7397811e+000  4.0739453e+000  1.6414854e+000  2.5266686e+000  3.1262774e+000  1.7466490e+000  3.6701983e+000  1.8382432e+000  4.4909055e+000
  2.0000000e+000  2.4814154e+000  3.5493526e+000  4.5814942e+000  2.6402896e+000  3.5662456e+000  1.7476852e+000  3.9997633e+000  4.5717058e+000  2.0093697e+000  2.8758380e+000
  1.0000000e+000  2.6768989e+000  3.6708052e+000  3.2277617e+000  1.9509828e+000  4.0530288e+000  3.6620437e+000  2.3143377e+000  3.1213931e+000  2.0295165e+000  2.5821904e+000
  2.0000000e+000  2.3919602e+000  2.5021753e+000  2.1472667e+000  1.9500022e+000  3.0219055e+000  5.7440473e+000  3.1419912e+000  3.0667966e+000  2.9805889e+000  4.0274885e+000
  2.0000000e+000  3.2869418e+000  2.7642692e+000  2.4653923e+000  1.4852782e+000  2.7915213e+000  1.8786306e+000  2.9732489e+000  7.1010562e-001  3.5293041e+000  5.1056591e+000
  2.0000000e+000  2.7979824e+000  1.9841400e+000  4.9083763e+000  2.3987535e+000  2.9735101e+000  5.2187057e+000  2.7859705e+000  3.9936330e-001  2.2814416e+000  4.0813499e+000
  2.0000000e+000  1.9716558e+000  3.0153667e+000  1.6065995e+000  2.7060474e+000  3.5922980e+000  2.3379992e+000  2.2866888e+000  6.0198528e-001  3.1183795e+000  2.8095260e+000
  2.0000000e+000  1.6403583e+000  2.9373820e+000  4.4925316e+000  2.3937470e+000  2.4330951e+000  2.1907933e+000  2.7294410e+000  3.2001026e+000  7.6504975e-001  2.3386432e+000
  2.0000000e+000  3.0458133e+000  2.6263728e+000  2.6317879e+000  3.3072195e+000  3.5620634e+000  3.3911081e+000  2.2199496e+000  4.3665382e+000  4.2620593e+000  1.9954921e+000
  2.0000000e+000  2.8134089e+000  6.7161587e-001  2.6277285e+000  2.6694100e+000  3.7265053e+000  2.7196820e+000  3.4877284e+000  1.8496248e-001  3.4761425e+000  2.1580793e+000
  2.0000000e+000  1.8870116e+000  2.8494720e+000  2.3137587e+000  1.6661834e+000  3.1690229e+000  3.2419033e+000  3.5451028e+000  4.2464051e+000  2.1800421e+000  2.5347974e+000
  1.0000000e+000  4.2057939e+000  2.3391164e+000  3.2494929e+000  4.2884493e+000  1.1153847e+000  3.3209438e+000  3.2665079e+000  3.3433862e+000  2.9205106e+000  1.8976736e+000
  1.0000000e+000  1.4995049e+000  2.3446777e+000  4.3066615e+000  4.6188199e+000  3.3261307e+000  3.0858676e+000  2.2645345e+000  3.8845648e+000  3.3816746e+000  3.1193040e+000
  2.0000000e+000  3.8087284e+000  3.3178954e+000  3.4968268e+000  2.5659012e+000  4.4483072e+000  2.7148469e+000  2.4213973e+000  5.9322088e+000  3.2836651e+000  2.2507216e+000
  2.0000000e+000  3.8286829e+000  2.0057881e+000  1.9490783e+000  4.4681652e+000  2.8890491e+000  2.2469196e+000  4.0286214e+000  3.6274589e+000  1.5038712e+000  1.3288632e+000
  2.0000000e+000  2.8627094e+000  4.7888660e+000  3.6754835e+000  3.0814079e+000  3.2662018e+000  3.6023172e+000  2.4225073e+000  5.5706110e+000  4.8765686e+000  2.5576114e+000
  2.0000000e+000  3.5060355e+000  4.1465145e+000  3.9344167e+000  1.3794909e+000  3.3432246e+000  2.7428012e+000  3.4084635e+000  3.2197556e+000  2.9081053e+000  2.2303836e+000
  2.0000000e+000  2.3264100e+000  3.5262187e+000  2.4387246e+000  1.6469132e+000  3.9841663e+000  4.0542626e+000  2.8613414e+000  2.5243498e+000  2.6699216e+000  2.0063489e+000
  1.0000000e+000  3.5456709e+000  2.4935677e+000  2.5152290e+000  3.0684349e+000  2.9660863e+000  3.7249432e+000  3.0334983e+000  3.0032423e+000  2.5649156e+000  3.4971363e+000
  2.0000000e+000  2.7684495e+000  3.4181251e+000  4.3584990e+000  1.8691367e+000  2.3143131e+000  1.8738071e+000  3.5760068e+000  2.4899518e+000  1.6238568e+000  3.3325866e+000
  2.0000000e+000  2.0595083e+000  1.4793699e+000  1.5309130e+000  3.5644478e+000  3.0784394e+000  2.7813702e+000  3.8104280e+000  2.6417296e+000  2.4260291e+000  3.0555168e+000
  2.0000000e+000  3.3869209e+000  3.8091148e+000  3.4541421e+000  1.3840292e+000  4.2174104e+000  2.6210042e+000  2.3719728e+000  4.7460395e+000  3.5752768e+000  3.3319675e+000
  2.0000000e+000  3.8568347e+000  3.0485328e+000  2.4497148e+000  3.2430401e+000  1.4354350e+000  3.2190680e+000  5.2405446e+000  4.6606598e+000  2.9431058e+000  3.7915603e+000
  2.0000000e+000  3.0445510e+000  3.5745606e+000  6.0406803e+000  5.0027445e+000  3.7505131e+000  4.3186988e+000  4.2651376e+000  3.1590671e+000  2.2804569e+000  2.7995553e+000
  2.0000000e+000  2.8709248e+000  3.9519249e+000  3.0873082e+000  3.2855666e+000  2.9391840e+000  4.4767582e+000  3.2407673e+000  3.3278585e+000  4.1173314e+000  3.8034632e+000
  2.0000000e+000  4.0768448e+000  1.9300029e+000  2.7268426e+000  3.5584695e+000  4.0402268e+000  1.7523199e+000  2.6073069e+000  1.8223069e+000  3.3141512e+000  4.8335638e+000
  2.0000000e+000  2.7140052e+000  3.5419470e+000  3.5330850e+000  3.9032753e+000  2.1648652e+000  2.1049016e+000  3.6141662e+000  2.0101876e+000  3.1485190e+000  2.2631267e+000
  2.0000000e+000  2.6512904e+000  4.5198953e+000  2.7183577e+000  3.6164534e+000  2.0126619e+000  2.3190800e+000  3.3934514e+000  2.3439132e+000  4.1132053e+000  2.2152350e+000
  2.0000000e+000  3.4666516e+000  2.9053620e+000  4.5796467e+000  3.1220413e+000  3.0377612e+000  3.2195103e+000  3.0148746e+000  4.0762763e+000  1.9254973e+000  3.0657912e+000
  2.0000000e+000  2.2479648e+000  2.0186385e+000  3.7048455e+000  9.1609525e-001  3.9249066e+000  1.6295344e+000  3.6997468e+000  3.5934037e+000  2.4435630e+000  2.0278331e+000
  1.0000000e+000  2.9325596e+000  2.6105402e+000  2.9502157e+000  4.2519660e+000  2.7637366e+000  3.1044668e+000  3.8842202e+000  3.2602774e+000  1.1703674e+000  3.5936138e+000
  2.0000000e+000  2.8757179e+000  2.0665666e+000  3.2605963e+000  3.3952825e+000  2.6955192e+000  2.5038334e+000  3.1320077e+000  2.8841546e+000  2.6239849e+000  4.0945773e+000
  2.0000000e+000  3.2421255e+000  3.5510447e+000  3.3669078e+000  1.1639169e+000  2.8821962e+000  4.0676247e+000  1.2246346e+000  3.2254379e+000  5.1173017e+000  1.4259091e+000
  2.0000000e+000  2.5296181e+000  3.3915830e+000  3.8376232e+000 -3.3967587e-002  2.4726604e+000  4.0831109e+000  1.6601992e+000  3.4024702e+000  3.9114997e+000  4.3914638e+000
  2.0000000e+000  3.1508259e+000  2.7843937e+000  4.2855116e+000  4.5403193e+000  5.1599126e+000  2.3823825e+000  2.9261691e+000  3.4757600e+000  5.3030361e-001  4.9407655e+000
  2.0000000e+000  3.1438676e+000  4.7141373e+000  2.4464306e+000  2.5627924e+000  2.0581845e+000  3.1784395e+000  2.9010131e+000  1.7076235e+000  2.7426249e+000  3.4703960e+000
  2.0000000e+000  3.3857366e+000  2.2374456e+000  2.6793450e+000  1.0072164e+000  3.3529909e+000  3.3892333e+000  1.7132898e+000  1.3697910e+000  1.4813162e+000  2.9968029e+000
  2.0000000e+000  3.2093686e+000  3.7004895e+000  1.5116538e+000  3.0404602e+000  2.3436691e+000  1.7822492e+000  1.5902848e+000  3.0410423e+000  1.8485046e+000  2.7417458e+000
  2.0000000e+000  2.8850810e+000  1.8492417e+000  1.3931704e+000  2.2279141e+000  1.2770606e+000  3.6281619e+000  3.9905517e+000  4.1321663e+000  3.0998734e+000  2.9352112e+000
  2.0000000e+000  2.7913533e+000  2.7106537e+000  1.5209498e+000  3.0138528e+000  2.2478032e+000  1.3240541e+000  4.1452087e+000  2.2057677e+000  4.0145520e+000  1.3916054e+000
  1.0000000e+000  3.2600053e+000  1.5678515e+000  2.7726166e+000  1.5384631e+000  2.7344140e+000  3.6417274e+000  2.0918545e+000  2.8948742e+000  4.6719971e+000  2.9865945e+000
  2.0000000e+000  2.6078247e+000  2.9886269e+000  3.9784800e+000  2.9816741e+000  3.2945635e+000  2.3884198e+000  3.9602583e+000  8.9129278e-001  3.8535961e+000  3.0825747e+000
  2.0000000e+000  4.4384448e+000  2.4677552e+000  3.6298764e+000  2.7013018e+000  1.3433460e+000  3.3865505e+000  2.4648397e+000  1.3872633e+000  4.9585681e+000  2.9151194e+000
  1.0000000e+000  4.0475009e+000  3.6686561e+000  2.9468497e+000  2.8184826e+000  4.6034536e+000  3.1189606e+000  3.2252712e+000  2.1859614e+000  2.5802231e+000  2.0664394e+000
  2.0000000e+000  2.2093217e+000  4.7357761e+000  2.2201632e+000  1.8700310e+000  1.4481670e+000  2.8915349e+000  3.2458188e+000  2.8347076e+000  1.4862583e+000  2.5349473e+000
  2.0000000e+000  2.8249188e+000  3.2766498e+000  2.3605292e+000  3.6926746e+000  2.9453177e+000  1.6095938e+000  3.3221322e+000  3.7979732e+000  3.3556747e+000  3.2669316e+000
  2.0000000e+000  2.8105590e+000  3.1713880e+000  2.4032896e+000  2.7966555e+000  1.6634525e+000  1.6235797e+000  3.5558069e+000  2.4772939e+000  2.0355564e+000  4.4808435e+000
  2.0000000e+000  3.6383687e+000  3.4033495e+000  3.0110910e+000  2.3314365e+000  4.4551862e+000  1.8487683e+000  3.5658939e+000  3.1087603e+000  2.3625305e+000  3.5544021e+000
  2.0000000e+000  2.6690258e+000  1.2484011e+000  3.0236480e+000  2.3398456e+000  2.7596248e+000  4.1291171e+000  3.0842485e+000  3.2152072e+000  4.3943742e+000  3.6884320e+000
  2.0000000e+000  4.9564334e+000  1.8389484e+000  4.3024929e+000  3.1333517e+000  3.2338225e+000  2.4750608e+000  3.7517157e+000  3.5751412e+000  3.2374668e+000  1.9234644e+000
  2.0000000e+000  3.5315459e+000  1.3806955e+000  2.8140695e+000  3.5289871e+000  3.0438659e+000  1.7818869e+000  3.6014154e+000  2.9327942e+000  2.3871351e+000  3.1460865e+000
  1.0000000e+000  2.0913462e+000  2.4823936e+000  3.1428702e+000  4.0270374e+000  2.2839925e+000  3.2909843e+000  3.3891670e+000  2.8839876e+000  2.4980284e+000  3.2163260e+000
  2.0000000e+000  1.6004831e+000  2.6982147e+000  2.5852056e+000  2.3355190e+000  2.8743232e+000  2.3993393e+000  4.0544907e-001  4.5165531e+000  3.6684328e+000  3.4527050e+000
  2.0000000e+000  4.1599033e+000  2.4463511e+000  2.7112194e+000  3.3182924e+000  3.9341229e+000  4.2256539e+000  2.8343811e+000  4.5461560e+000  2.8305776e+000  3.0919623e+000
  1.0000000e+000  2.9881986e+000  3.5314281e+000  2.9233065e+000  4.8308716e+000  3.3398327e+000  3.3062949e+000  2.3535702e+000  2.9211555e+000  2.9306683e+000  3.0595265e+000
  2.0000000e+000  3.6086489e+000  4.1504990e+000  3.2947459e+000  3.3556634e+000  3.4125475e+000  1.9014078e+000  4.0788114e+000  3.2482618e+000  2.9017042e+000  2.1089783e+000
  2.0000000e+000  2.2534133e+000  3.7016835e+000  2.7310460e+000  3.4307075e+000  1.8612410e+000  4.0648268e+000  2.5385716e+000  3.0640607e+000  3.3064325e+000  3.0573119e+000
  2.0000000e+000  2.1869739e+000  4.1696564e+000  1.4775074e+000  4.3015325e+000  2.1754521e+000  5.0276240e+000  3.8317489e+000  3.4762111e+000  4.1446542e+000  4.5639045e+000
  2.0000000e+000  2.1035411e+000  2.1062972e+000  2.8706209e+000  2.3440882e-001  3.6206790e+000  3.3620178e+000  6.0813152e-001  4.1758762e+000  2.9114158e+000  4.7778070e+000
  2.0000000e+000  1.7098120e+000  2.6776321e+000  3.1552336e+000  4.8231032e+000  5.2322613e+000  3.3904492e+000  1.9630458e+000  1.9567597e+000  2.1616643e+000  5.1658311e+000
  1.0000000e+000  2.7198086e+000  3.9982560e+000  1.8973633e+000  4.0262337e+000  4.0402590e+000  3.5067209e+000  3.5836025e+000  3.3938989e+000  2.0525206e+000  1.4892366e+000
  2.0000000e+000  2.5136132e+000  1.9859059e+000  6.4259901e-001  2.7505139e+000  4.4663350e+000  3.4257860e+000  2.8821508e+000  5.4952433e+000  3.9605848e+000  3.4755497e+000
  2.0000000e+000  1.5509151e+000  2.7527001e+000  3.1466992e+000  4.0740022e+000  1.1074418e+000  4.7089436e+000  1.9318927e+000  3.4408208e+000  3.6026850e+000  2.6302209e+000
  1.0000000e+000  3.8103949e+000  2.3446316e+000  3.3541378e+000  4.5385187e+000  3.7627965e+000  3.1996622e+000  3.6994747e+000  3.9601299e+000  2.7206814e+000  2.7899337e+000
  1.0000000e+000  2.5070167e+000  4.8148627e+000  3.4830492e+000  2.6191544e+000  2.3625498e+000  3.0139707e+000  3.1963850e+000  3.3273428e+000  5.4124117e+000  2.6316420e+000
  2.0000000e+000  2.6208381e+000  2.3913291e+000  3.0045366e+000  2.6321943e+000  2.4055288e+000  3.1346591e+000  4.0547263e+000  5.4256174e+000  4.8494355e+000  3.9813417e+000
  2.0000000e+000  3.2665191e+000  4.6819455e+000  4.0814121e+000  4.3522011e+000  4.0296891e+000  2.0228158e+000  3.4221383e+000  2.3310052e+000  4.1390309e+000  4.9229846e+000
  2.0000000e+000  2.3133758e+000  4.3584957e+000  3.9276921e+000  2.1492083e+000  4.7522077e+000  3.7685845e+000  3.4915563e+000  1.8456130e+000  3.3703477e+000  2.1203099e+000
  2.0000000e+000  2.3986243e+000  2.7358965e+000  3.8898814e+000  3.9972554e+000  2.6525414e+000  4.5695015e+000  2.6291172e+000  3.3255757e+000  3.0276682e+000  3.4740038e+000
  2.0000000e+000  2.7939664e+000  3.4714036e+000  2.8717766e+000  2.4737223e+000  2.3982393e+000  3.4681653e+000  2.0459240e+000  3.9710550e+000  2.2407257e+000  2.6330368e+000
  2.0000000e+000  2.2384159e+000  2.6474539e+000  4.3101983e+000  3.2709534e+000  1.9439027e+000  1.1120242e+000  2.8406657e+000  3.5334646e+000  1.9984282e+000  2.8367548e+000
  1.0000000e+000  1.9204045e+000  2.4121988e+000  2.5749405e+000  4.5545964e+000  2.9912980e+000  3.0357942e+000  2.0540720e+000  3.8313941e+000  1.7319900e+000  3.1360101e+000
  2.0000000e+000  2.5945105e+000  4.1572050e+000  3.9259444e+000  2.5613089e+000  4.4349014e+000  1.6918454e+000  2.3158988e+000  3.8132452e+000  3.6673214e+000  1.7521097e+000
  1.0000000e+000  1.7438471e+000  3.2439483e+000  2.5510387e+000  3.9056252e+000  2.5323983e+000  3.4268613e+000  2.5127378e+000  2.8440388e+000  4.2943634e+000  2.8344921e+000
  2.0000000e+000  2.7807961e+000  2.5986937e+000  2.3380176e+000  1.9695093e+000  3.3365328e+000  1.8706897e+000  2.3295507e+000  3.6174394e+000  3.4354462e+000  3.6746880e+000
  2.0000000e+000  2.0980012e+000  3.1530139e+000  3.8251762e+000  3.0789148e+000  3.3141258e+000  2.5783050e+000  2.6190507e+000  5.0904627e+000  4.0132291e+000  2.1549922e+000
  2.0000000e+000  2.3289780e+000  4.4459988e+000  3.4963345e+000  5.6215951e-001  2.6278164e+000  2.5166686e+000  1.2684242e+000  2.3373367e+000  3.2224294e+000  2.4149821e+000
  2.0000000e+000  6.7504556e-001  2.9414437e+000  2.7911849e+000  2.3427815e+000  2.7473699e+000  2.4874600e+000  3.8978572e+000  2.3600523e+000  3.2450558e+000  3.1444912e+000
  2.0000000e+000  4.4140877e+000  2.3106733e+000  2.7822805e+000  3.8786329e+000  4.0550586e+000  2.2182674e+000  1.8566461e+000  3.7891134e+000  4.6098304e+000  2.9320128e+000
  2.0000000e+000  4.5129170e+000  4.1901268e+000  3.5426247e+000  4.0931266e+000  3.4235490e+000  2.8063077e+000  4.6476085e+000  2.3170244e+000  4.8240750e+000  3.4198953e+000
  2.0000000e+000  5.3723843e+000  3.1602995e+000  3.6603668e+000  2.5121334e+000  2.8252812e+000  4.6735738e+000  4.9496357e+000  2.6537791e+000  2.6491142e+000  3.0369414e+000
  2.0000000e+000  1.6494368e+000  2.3708089e+000  1.0001198e+000  5.3166759e+000  4.5839458e+000  2.7516843e+000  2.3322072e+000  2.3214854e+000  3.1165816e+000  5.4249164e-001
  1.0000000e+000  2.1457043e+000  2.3354481e+000  3.4434649e+000  1.1780763e+000  2.5842802e+000  3.3753470e+000  3.2457587e+000  3.5314608e+000  2.5346592e+000  2.3297002e+000
  1.0000000e+000  3.0362409e+000  1.1030204e+000  4.0173486e+000  1.4605125e+000  2.6286829e+000  3.4647809e+000  2.6333961e+000  2.7295779e+000  2.2665725e+000  3.2968229e+000
  2.0000000e+000  3.2611928e+000  1.2865838e+000  3.8379684e+000  2.1720010e+000  3.5845674e+000  3.6300485e+000  3.0863172e+000  4.1599449e+000  3.4069364e+000  2.8645410e+000
  2.0000000e+000  3.4787082e+000  2.1447151e+000  3.2078121e+000  3.1592402e+000  4.2915351e+000  2.4418097e+000  2.6644610e+000  3.4546954e+000  3.5036303e+000  1.1429346e+000
  2.0000000e+000  3.6505347e+000  3.0983853e+000  3.6349757e+000  2.8608177e+000  1.6368722e+000  2.9817620e+000  4.9391416e+000  1.9133833e+000  2.4642298e+000  2.5459965e+000
  2.0000000e+000  3.8101578e+000  2.8409915e+000  4.4470672e+000  2.9030862e+000  2.5997980e+000  4.5074167e+000  3.7296481e+000  4.2064427e+000  1.5630027e+000  2.1700631e+000
  2.0000000e+000  3.9500526e+000  2.3401463e+000  2.5560917e+000  2.4189128e+000  3.8873881e+000  4.4260074e+000  3.4910473e+000  4.0653934e+000  5.0200923e+000  2.6627899e+000
  1.0000000e+000  2.5953717e+000  2.2353722e+000  2.2038977e+000  3.6108198e+000  1.8607043e+000  3.8410334e+000  2.5452804e+000  2.9527694e+000  3.0304195e+000  2.1828637e+000
  2.0000000e+000  2.9620892e+000  3.1924075e+000  2.0857562e+000  3.5782860e+000  2.3544790e+000  2.5481026e+000  8.9502854e-001  1.9476081e+000  1.6638039e+000  3.8933758e+000
  1.0000000e+000  2.6277335e+000  2.5508030e+000  4.1097507e+000  3.5167824e+000  2.4040610e+000  3.8530651e+000  3.8889997e+000  3.4876171e+000  4.4199659e+000  4.1312840e+000
  2.0000000e+000  3.9469706e+000  2.5154136e+000  4.2969304e+000  3.0296332e+000  2.2277170e+000  5.0732751e+000  1.5823414e+000  3.7502074e+000  2.9650214e+000  3.7751590e+000
  2.0000000e+000  2.3806491e+000  4.3377097e+000  3.1892035e+000  2.3171568e+000  4.2341134e+000  2.7368816e+000  3.1121595e+000  3.7144161e+000  2.4619272e+000  2.9166564e+000
  1.0000000e+000  2.3207846e+000  2.7616672e+000  1.6496268e+000  4.0758857e+000  4.0627348e+000  3.1624265e+000  4.7366753e+000  2.6402084e+000  3.5947317e+000  2.8997227e+000
