  2.0000000e+000  2.8379686e+000  4.1225324e+000  4.0958244e+000  4.4570729e+000  4.1870425e+000  3.6294057e+000  4.2847581e+000  2.7294132e+000  2.6465529e+000  5.4820571e+000
  2.0000000e+000  3.3182044e+000  3.0278170e+000  4.5282381e+000  3.9772557e+000  2.3594696e+000  2.8431893e+000  2.0901703e+000  3.6997650e+000  1.9283449e+000  3.3732012e+000
  2.0000000e+000  3.5860190e+000  2.3710296e+000  2.3952975e+000  3.1984961e+000  2.8446465e+000  3.2609843e+000  3.4377014e+000  2.8927021e+000  4.9824522e+000  3.1852433e+000
  2.0000000e+000  2.7196618e+000  3.2710980e+000  4.7964481e+000  1.6272951e+000  5.3591921e-001  3.2397911e+000  2.8712402e+000  3.8725745e+000  2.8733471e+000  3.0971202e+000
  2.0000000e+000  2.0732298e+000  3.1397833e+000  2.3241989e+000  3.8317605e+000  3.8085985e+000  4.4694005e+000  4.6509869e+000  4.2279775e+000  3.0965931e+000  3.4587170e+000
  2.0000000e+000  2.9651081e+000  3.6934848e+000  3.3699218e+000  2.4000599e+000  4.3995890e+000  3.7814927e+000  1.8343819e+000  4.1802553e+000  3.6208614e+000  3.6016355e+000
  2.0000000e+000  3.0251468e+000  2.6073567e+000  3.4668036e+000  3.7105638e+000  3.8495898e+000  4.0511988e+000  2.2235324e-001  2.0937220e+000  5.2263532e+000  1.9508704e+000
  1.0000000e+000  3.2609724e+000  2.1035876e+000  1.9831156e+000  1.8081230e+000  3.0741958e+000  3.8299849e+000  3.8496249e+000  3.2310563e+000  2.6907955e+000  2.4574503e+000
  1.0000000e+000  2.8169279e+000  2.9018296e+000  2.3530453e+000  3.0259645e+000  3.3169394e+000  3.2704211e+000  2.6754890e+000  3.1614379e+000  2.3972869e+000  9.6299789e-001
  2.0000000e+000  3.7599922e+000  1.2099600e+000  4.0982546e+000  2.9800792e+000  2.0928734e+000  4.2301398e+000  3.1807524e+000  4.0214720e+000  4.0904761e+000  3.0980382e+000
  2.0000000e+000  2.9219277e+000  2.9994601e+000  2.5602723e+000  3.8686267e+000  2.9577722e+000  2.6928443e+000  3.2320205e+000  2.5580684e+000  2.9795558e+000  1.5040801e+000
  1.0000000e+000  2.4859426e+000  3.6295302e+000  1.8862731e+000  2.9376480e+000  3.7997418e+000  2.1979676e+000  3.4112114e+000  2.6054632e+000  2.8709509e+000  4.2924400e+000
  1.0000000e+000  1.8954288e+000  2.4796117e+000  4.2886510e+000  1.5422526e+000  3.5512041e+000  4.2236973e+000  3.2874461e+000  3.1853447e+000  3.5231018e+000  2.1532699e+000
  1.0000000e+000  2.9787973e+000  3.2381349e+000  2.9083549e+000  2.6948204e+000  3.6841170e+000  3.1547922e+000  2.2879026e+000  3.1362045e+000  2.6942540e+000  3.5090533e+000
  2.0000000e+000  3.1956529e+000  2.6965807e+000  2.5475680e+000  2.5381752e+000  1.9257899e+000  2.7906334e+000  4.8993951e+000  3.5127700e+000  7.5866050e-001  3.6445755e+000
  1.0000000e+000  3.1809428e+000  1.6679733e+000  2.5567527e+000  3.1856822e+000  3.6667595e+000  2.1853152e+000  2.6938443e+000  2.7475291e+000  2.4845306e+000  4.3594487e+000
  1.0000000e+000  2.4626787e+000  1.9584098e+000  2.8000651e+000  3.9033207e+000  3.3528036e+000  2.9642499e+000  3.4104365e+000  3.4139256e+000  2.4260386e+000  3.9576649e+000
  2.0000000e+000  3.6957341e+000  3.3117883e+000  2.7985191e+000  2.3217076e+000  2.2230859e+000  1.2030709e+000  2.4260616e+000  3.8579037e+000  3.9330675e+000  2.6498411e+000
  1.0000000e+000  3.0549267e+000  3.8176017e+000  2.0685857e+000  3.2851830e+000  3.5566158e+000  3.2112803e+000  2.8146242e+000  2.8174323e+000  2.1257916e+000  5.3400579e+000
  2.0000000e+000  3.2109702e+000  3.2927304e+000  4.4484705e+000  1.1896347e+000  4.0782242e+000  4.9707957e+000  1.7868126e+000  3.1273233e+000  5.6882225e+000  3.1700843e+000
  2.0000000e+000  3.2174136e+000  3.6969818e+000  1.3624233e+000  4.0471568e+000  3.0264955e+000  3.1341570e+000  3.9949562e+000  5.6938340e+000  9.6964724e-001  2.1817524e+000
  2.0000000e+000  4.3230261e+000  1.6931350e+000  3.5888898e+000  5.4068239e+000  3.6273765e+000  2.0585351e+000  4.4290466e+000  3.8264875e+000  4.0318961e+000  3.1110113e+000
  2.0000000e+000  5.2474343e+000  3.6997621e+000  3.1907326e+000  2.7773052e+000  3.0011092e+000  3.0906755e+000  1.4755086e+000  4.9036732e+000  9.2554105e-001  3.5940970e+000
  2.0000000e+000  3.5443456e+000  1.9963450e+000  2.9385382e+000  2.1549619e+000  2.7498342e+000  2.9465832e+000  3.7396394e+000  3.4573385e+000  2.7602148e+000  3.9370527e+000
  2.0000000e+000  4.8807936e+000  4.6102250e+000  3.0799206e+000  2.0074873e+000  2.9117860e+000  1.1221736e+000  3.8201029e+000  1.9751807e+000  1.6561475e+000  2.6307156e+000
  2.0000000e+000  2.5920215e+000  3.8320085e+000  2.4007008e+000  3.1438296e+000  2.6127104e+000  3.0923166e+000  3.6577141e+000  2.2769561e+000  1.6900651e+000  1.2817893e+000
  2.0000000e+000  3.1527153e+000  3.8508788e+000  3.0970800e-001  4.5667637e+000  5.0090845e+000  4.2234188e+000  2.3152860e+000  2.9347620e+000  2.6910034e+000  1.9697117e+000
  2.0000000e+000  2.1851218e+000  3.2726498e+000  2.5901575e+000  2.5142262e+000  3.8174030e+000  3.1384264e+000  4.1605977e+000  1.4905691e+000  3.8052955e+000  3.6520755e+000
  2.0000000e+000  4.3965313e+000  3.8016420e+000  4.1832782e+000  2.9640167e+000  3.7297381e+000  3.7070369e+000  3.3636881e+000  2.2559793e+000  2.5280859e+000  5.5166978e+000
  2.0000000e+000  1.4149637e+000  2.2280469e+000  2.6319849e+000  3.1283501e+000  4.5013320e+000  4.5093728e+000  3.7724928e+000  3.1860541e+000  2.9178768e+000  4.5942804e+000
  2.0000000e+000  2.5945922e+000  3.8352630e+000  3.2980336e+000  4.4437813e+000  1.3918155e+000  3.1891017e+000  4.4709184e+000  4.7547209e+000  1.7369335e+000  2.6584507e+000
  2.0000000e+000  3.8663605e+000  2.8137361e+000  2.0834527e+000  1.5688794e+000  2.3751478e+000  4.9677376e+000  2.5070637e+000  3.5415048e+000  2.9976214e+000  3.0729134e+000
  2.0000000e+000  3.7296527e+000  3.8094095e+000  3.3461499e+000  4.7345623e+000  3.6116972e+000  1.2072505e+000  3.3265884e+000  2.1670923e+000  2.1459243e+000  2.0787931e+000
  2.0000000e+000  2.4956116e+000  2.8098120e+000  9.0491095e-001  2.9314376e+000  2.7933444e+000  2.2516245e+000  3.2104067e+000  3.0832078e+000  1.7705640e+000  2.4721618e+000
  2.0000000e+000  2.8049849e+000  2.7560284e+000  4.2747418e+000  3.2806922e+000  2.5479883e+000  2.2557260e+000  2.5672153e+000  2.4285245e+000  3.6030731e+000  2.1571878e+000
  2.0000000e+000  2.9257887e+000  2.4196587e+000  2.5782653e+000  2.5189677e+000  4.1543300e+000  4.1902343e+000  2.3860798e+000  3.7642247e+000  3.8799767e+000  5.4160645e+000
  1.0000000e+000  3.3622337e+000  2.2587111e+000  2.8201841e+000  2.5318488e+000  3.5220161e+000  4.2585151e+000  2.6948464e+000  2.6708807e+000  3.1802807e+000  3.3661632e+000
  1.0000000e+000  2.2003288e+000  7.0756011e-001  2.6792928e+000  2.8167536e+000  3.8347390e+000  3.9055674e+000  2.0794700e+000  3.1864004e+000  2.5992171e+000  3.8666552e+000
  2.0000000e+000  3.1709929e+000  2.2681189e+000  3.2031883e+000  3.0875548e+000  2.5246035e+000  1.8131295e+000  5.0510097e+000  2.6131363e+000  3.7658338e+000  1.5391260e+000
  2.0000000e+000  3.9301601e+000  2.0606007e+000  3.9888671e+000  3.0347743e+000  4.6060816e+000  3.2254366e+000  3.0159807e+000  1.9012385e+000  3.8881811e+000  3.8921467e+000
  2.0000000e+000  2.7688973e+000  1.5931385e+000  1.3797534e+000  2.9760368e+000  5.5759764e+000  3.0794193e+000  3.5971670e+000  2.6302488e+000  3.0439425e+000  1.5521749e+000
  2.0000000e+000  4.0381540e+000  3.4103521e+000  1.1470841e+000  3.9234977e+000  3.2301478e+000  2.3524776e+000  3.5725380e+000  4.1305144e+000  3.4300710e+000  2.5362146e+000
  2.0000000e+000  3.8495587e+000  3.7600363e+000  4.6815998e+000  3.1544642e+000  2.3719433e+000  3.0404001e+000  4.4132678e+000  2.8007231e+000  4.6233628e+000  2.4507085e+000
  1.0000000e+000  3.9543426e+000  2.7752792e+000  4.0858721e+000  2.7251321e+000  3.3688302e+000  2.4374840e+000  1.7406782e+000  3.7859386e+000  1.7708726e+000  3.8223560e+000
  2.0000000e+000  3.0524201e+000  2.9828535e+000  2.5921647e+000  3.7655295e+000  2.0120658e+000  3.9995361e+000  3.3169405e+000  2.9134046e+000  4.1278859e+000  4.4467016e+000
  1.0000000e+000  3.4059584e+000  2.8760402e+000  3.1840139e+000  2.0854842e+000  3.9508684e+000  2.9371629e+000  3.5575645e+000  2.7482416e+000  2.7404498e+000  4.7634956e+000
  2.0000000e+000  2.6525620e+000  2.9769055e+000  3.9783450e+000  1.8560820e+000  2.9588617e+000  1.1724722e+000  4.0307991e+000  3.0828604e+000  1.5690227e+000  4.4648479e+000
  2.0000000e+000  4.2616916e+000  2.9644499e+000  3.4575977e+000  2.9784416e+000  3.8594359e+000  3.2090454e+000  3.5268112e+000  2.3775339e+000  1.7876485e+000  2.0960061e+000
  2.0000000e+000  4.4779655e+000  2.2609728e+000  1.7768213e+000  4.5629021e+000  1.4647063e+000  2.1150152e+000  3.4590629e+000  2.5873869e+000  4.7533465e-001  3.9131236e+000
  1.0000000e+000  1.3853711e+000  2.0065583e+000  3.4266717e+000  7.8656080e-001  3.0092932e+000  2.1781948e+000  4.1652452e+000  2.6485767e+000  1.6716833e+000  2.8406003e+000
  2.0000000e+000  2.2600008e+000  2.9303260e+000  3.0430402e+000  3.4706155e+000  3.5187611e+000  3.8736401e+000  2.1723398e+000  4.5352642e+000  1.3919569e+000  3.6540098e+000
  2.0000000e+000  2.2086160e+000  2.7951749e+000  3.0402369e+000  9.0746782e-001  3.1955199e+000  4.7821574e+000  1.9265352e+000  4.4048439e+000  2.0718962e+000  3.3452659e+000
  2.0000000e+000  2.7469928e+000  4.8339100e+000  2.4757913e+000  2.0580368e+000  1.8558157e+000  2.9698601e+000  1.5030300e+000  3.3927841e+000  8.4657802e-001  4.3517801e+000
  2.0000000e+000  2.7297773e+000  3.2453045e+000  3.7371023e+000  2.4443935e+000  1.9879725e+000  1.8717560e+000  1.0718086e+000  1.6499192e+000  3.9020881e+000  2.8276829e+000
  2.0000000e+000  3.1397118e+000  2.1256256e+000  3.2667584e+000  2.5840195e+000  2.5487886e+000  6.0651867e-001  3.4868030e+000  2.4960309e+000  2.7425030e+000  2.2893045e+000
  2.0000000e+000  3.5487944e+000  4.0857147e+000  3.3394569e+000  1.8925052e+000  2.9449777e+000  5.1517627e+000  1.8956383e+000  3.8088590e+000  3.1397103e+000  1.9781153e+000
  2.0000000e+000  2.6542122e+000  2.9911388e+000  4.3584560e+000  4.3404269e+000  2.6043636e+000  1.5176732e+000  3.1123559e+000  1.7171660e+000  1.3860163e+000  2.5791186e-001
  2.0000000e+000  2.2396821e+000  2.6809717e+000  2.7634534e+000  2.8899316e+000  1.4285613e+000  2.9405324e+000  4.1505453e+000  2.1589241e+000  1.2994782e+000  3.2037762e+000
  2.0000000e+000  4.1411963e+000  3.9356759e+000  3.0854895e+000  1.5745473e+000  3.2703820e+000  3.5096676e+000  1.1832893e+000  4.7505272e+000  4.3772918e+000  1.6248816e+000
  2.0000000e+000  2.3152866e+000  2.4009740e+000  3.3182856e+000  4.3600307e+000  3.1331371e+000  2.4771205e+000  4.3354876e+000  1.9716932e+000  7.7227560e-001  2.4477949e+000
  2.0000000e+000  4.4714296e+000  3.1049597e+000  2.2001818e+000  2.9807140e+000  1.8335908e+000  3.9331349e+000  2.1945283e+000  2.7329467e+000  2.3455317e+000  2.7758471e+000
  2.0000000e+000  3.0864186e+000  2.3377406e+000  2.7597842e+000  3.9454540e+000  1.2347042e+000  1.3264492e+000  3.0796164e+000  3.9661578e+000  3.2545918e+000  3.2413144e+000
  1.0000000e+000  3.3316109e+000  3.8203898e+000  2.5043105e+000  1.8471159e+000  3.1592808e+000  2.4292674e+000  3.7206626e+000  3.6844019e+000  2.3650404e+000  4.5906840e+000
  2.0000000e+000  2.6147017e+000  2.2540544e+000  3.5044028e+000  2.6406413e+000  1.8577992e+000  2.0551097e+000  3.6667034e+000  4.4292065e+000  2.7279848e+000  3.2495542e+000
  1.0000000e+000  2.5353998e+000  2.9717951e+000  3.8384191e+000  2.5298421e+000  3.3012713e+000  3.0729833e+000  2.0137638e+000  3.6247441e+000  3.3783001e+000  3.6700663e+000
  1.0000000e+000  4.2742550e+000  2.4712815e+000  3.5182038e+000  7.7582120e-001  3.4731447e+000  4.2316825e+000  4.9516805e+000  2.6642263e+000  3.0638514e+000  1.5223853e+000
  2.0000000e+000  2.6496577e+000  4.4994330e+000  3.6118843e+000  3.1042238e+000  2.6991223e+000  8.5440130e-001  2.8157653e+000  3.3029217e+000  3.5351024e+000  3.1549279e+000
  2.0000000e+000  4.1868132e+000  1.5450056e+000  2.2527614e+000  1.3107065e+000  2.9044123e+000  1.6506017e+000  2.7717823e+000  4.1144934e+000  3.8553013e+000  3.3336163e+000
  2.0000000e+000  8.9143161e-001  3.2262249e+000  4.1302979e+000  2.4988530e+000  1.7030403e+000  3.2034063e+000  1.7126701e+000  2.2922324e+000  1.7552741e+000  2.0428643e+000
  2.0000000e+000  2.9356119e+000  2.4497033e+000  3.2918597e+000  4.2185450e+000  3.1179019e+000  4.0369357e+000  2.6418611e+000  4.5257126e+000  2.9661757e+000  2.6109171e+000
  2.0000000e+000  2.3126365e+000  7.4236763e-001  3.0945766e+000  4.9684892e+000  3.0105434e+000  3.7827720e+000  2.8597562e+000  4.8308319e+000  1.9704382e+000  2.4871009e+000
  2.0000000e+000  2.3819267e+000  2.5361730e+000  3.4639012e+000  3.5241516e+000  4.0575961e+000  4.8483928e+000  2.6786467e+000  4.0652295e+000  2.5445831e+000  3.2277762e+000
  2.0000000e+000  8.8810647e-001  3.3583659e+000  1.9464727e+000  4.2932867e+000  1.6087350e+000  4.0929392e+000  1.0573066e+000  3.7294311e+000  2.0181093e+000  3.3196158e+000
  2.0000000e+000  9.9434270e-001  2.3061504e+000  3.5071668e+000  4.1148942e+000  2.6579985e+000  2.8908477e+000  2.4568494e+000  3.8029848e+000  1.8233815e+000  3.1216695e+000
  1.0000000e+000  3.2471260e+000  2.3175017e+000  1.8745904e+000  3.2159255e+000  3.1780937e+000  2.7596476e+000  2.6073092e+000  3.4895291e+000  2.6904498e+000  2.4603233e+000
  1.0000000e+000  2.7006168e+000  1.9948542e+000  4.2569046e+000  2.4030005e+000  3.2325543e+000  2.3110090e+000  2.0964861e+000  3.8640891e+000  2.4547008e+000  2.2842931e+000
  2.0000000e+000  2.0995645e+000  3.7680053e+000  2.3558222e+000  3.3518141e+000  2.6795159e+000  2.0143037e+000  2.1199908e+000  4.2364666e+000  3.5585237e+000  4.5553696e+000
  1.0000000e+000  3.1259006e+000  3.6133755e+000  1.7846873e+000  1.9656217e+000  3.3111724e+000  1.0671376e+000  1.2822147e+000  2.6691999e+000  2.1439657e+000  2.1163037e+000
  2.0000000e+000  2.7675266e+000  3.7387955e+000  4.8049484e+000  1.3390676e+000  2.1692011e+000  2.7515603e+000  3.2074605e+000  4.1550820e+000  3.2337324e+000  3.9711831e+000
  2.0000000e+000  2.5110471e+000  3.6564033e+000  4.2468764e+000  2.9732610e+000  2.1425541e+000  3.1652863e+000  2.8646822e+000  2.1524418e+000  3.5844057e+000  4.5431654e+000
  2.0000000e+000  2.5494677e+000  2.9217067e+000  4.1797423e+000  2.6609739e+000  3.0828659e+000  4.9128617e+000  2.6393758e+000  4.6662574e+000  1.3652075e+000  9.1941583e-001
  2.0000000e+000  2.8779528e+000  4.5833529e+000  5.2290045e-001  3.4275676e+000  3.6061733e+000  2.6819588e+000  2.7761758e+000  4.3589804e+000  2.9870611e+000  3.4155684e+000
  2.0000000e+000  3.3982257e+000  2.7460060e+000  2.1267369e+000  3.9073309e+000  2.1783418e+000  1.3273610e+000  3.2025224e+000  3.9063933e+000  1.3130526e+000  3.4492813e+000
  2.0000000e+000  1.5239985e+000  2.5382928e+000  3.5528670e+000  1.8243547e+000  2.0238643e+000  4.0829971e+000  2.3474703e+000  3.4749628e+000  4.3147787e+000  4.8190024e+000
  2.0000000e+000  1.7776610e+000  5.0090283e+000  1.9125321e+000  3.8001058e+000  2.3993180e+000  3.5504874e+000  2.2606197e+000  3.2290547e+000  4.4006794e+000  2.7364610e+000
  2.0000000e+000  2.3448789e+000  3.1015078e+000  1.5853199e+000  2.0420649e+000  2.5009172e+000  3.2356191e+000  2.9966382e+000  2.3900972e+000  3.2340926e+000  2.5586051e+000
  2.0000000e+000  3.2348903e+000  3.6424561e+000  3.6923379e+000  2.0514476e+000  1.9049133e+000  1.6037953e+000  3.9057546e+000  2.0700643e+000  1.8687321e+000  2.1825171e+000
  2.0000000e+000  4.2263647e+000  1.4426023e+000  2.9571096e+000  1.7225666e+000  2.4782144e+000  4.2013455e+000  4.3032452e+000  1.5849969e+000  3.2613939e+000  2.0948233e+000
  2.0000000e+000  3.8606966e+000  5.0567381e+000  4.3513712e+000  2.2572672e+000  3.7327051e+000  7.9970536e-001  2.0657694e+000  4.1466492e+000  2.9213861e+000  3.3278619e+000
  2.0000000e+000  3.2815577e+000  2.5009265e+000  3.2681104e+000  3.9443633e+000  3.8152384e+000  3.5415264e+000  4.1251000e+000  3.8834099e+000  4.3124017e+000  3.2789179e+000
  2.0000000e+000  2.5509641e+000  1.3811491e+000  3.3266470e+000  2.3340373e+000  2.1971885e+000  3.9769372e+000  2.2733062e+000  4.3647542e+000  2.7202249e+000  4.1608887e+000
  2.0000000e+000  3.7949281e+000  2.1824476e+000  2.2043008e+000  1.9743290e+000  2.0168447e+000  2.6921094e+000  2.6948662e+000  4.1447168e+000  4.0448256e+000  3.4641495e+000
  2.0000000e+000  3.1758952e+000  1.0468691e+000  3.4290632e+000  3.0405577e+000  2.4728156e+000  2.1731619e+000  2.5901354e+000  4.6584014e+000  3.0099152e+000  4.4968623e+000
  2.0000000e+000  2.6561550e+000  4.3557996e+000  2.5747178e-001  3.1210122e+000  2.4377169e+000  5.3902590e-001  4.3864656e+000  2.4973860e+000  3.4103688e+000  3.0765071e+000
  2.0000000e+000  3.6585786e+000  4.2949526e+000  4.0553147e+000  2.1982747e+000  4.2292734e+000  5.0858203e+000  2.7411946e+000  2.0060852e+000  4.4562843e+000  4.5377082e+000
  2.0000000e+000  4.3872677e+000  3.1388622e+000  4.3060485e+000  2.7491264e+000  3.0953537e+000  1.0941916e+000  2.4412100e+000  4.8317804e+000  3.0973236e+000  2.3282510e+000
  2.0000000e+000  3.3125262e+000  2.0639603e+000  1.6595923e+000  3.3026343e+000  2.7738823e+000  1.1275420e+000  2.1149422e+000  3.8092850e+000  3.6479826e+000  2.3965531e+000
  2.0000000e+000  2.2016355e+000  2.0651525e+000  2.3727549e+000  2.0836901e+000  1.6070631e+000  2.7763519e+000  5.1553187e+000  1.3661169e+000  2.9657112e+000  4.2523997e+000
  2.0000000e+000  1.8842944e+000  3.8576762e+000  3.3370790e+000  1.3570754e+000  3.2634750e+000  2.7462410e+000  3.2074460e+000  1.9834643e+000  2.4795026e+000  3.5740624e+000
  2.0000000e+000  2.0244944e+000  3.5875001e+000  1.8172811e+000  3.0336950e+000  6.7979764e-002  2.6883527e+000  4.0985589e+000  2.8179790e+000  3.6809142e+000  4.5963533e+000
